  -1.0000000000000000e+00	  -1.0000000000000000e+00	   5.0000000000000000e-01	   5.0000000000000000e-01	  -3.3333333333333326e-01	
   1.0000000000000000e+00	   1.0000000000000000e+00	   5.0000000000000000e-01	   5.0000000000000000e-01	  -3.3333333333333326e-01	
  -1.0000000000000000e+00	   0.0000000000000000e+00	   5.0000000000000000e-01	  -5.0000000000000000e-01	  -2.4010681431341041e-01	
   0.0000000000000000e+00	   1.0000000000000000e+00	  -5.0000000000000000e-01	   5.0000000000000000e-01	  -2.4010681431341041e-01	
   1.0000000000000000e+00	   0.0000000000000000e+00	   5.0000000000000000e-01	  -5.0000000000000000e-01	  -2.4010681431341041e-01	
   0.0000000000000000e+00	  -1.0000000000000000e+00	  -5.0000000000000000e-01	   5.0000000000000000e-01	  -2.4010681431341030e-01	
  -1.0000000000000000e+00	  -2.0000000000000000e+00	   5.0000000000000000e-01	   5.0000000000000000e-01	  -5.7293688502615181e-02	
   1.0000000000000000e+00	   2.0000000000000000e+00	   5.0000000000000000e-01	   5.0000000000000000e-01	  -5.7293688502615181e-02	
  -2.0000000000000000e+00	  -1.0000000000000000e+00	   5.0000000000000000e-01	   5.0000000000000000e-01	  -5.7293688502614959e-02	
   2.0000000000000000e+00	   1.0000000000000000e+00	   5.0000000000000000e-01	   5.0000000000000000e-01	  -5.7293688502614959e-02	
   0.0000000000000000e+00	  -2.0000000000000000e+00	  -5.0000000000000000e-01	   5.0000000000000000e-01	  -5.4782537002460829e-02	
   0.0000000000000000e+00	   2.0000000000000000e+00	  -5.0000000000000000e-01	   5.0000000000000000e-01	  -5.4782537002460829e-02	
  -2.0000000000000000e+00	   0.0000000000000000e+00	   5.0000000000000000e-01	  -5.0000000000000000e-01	  -5.4782537002460607e-02	
   2.0000000000000000e+00	   0.0000000000000000e+00	   5.0000000000000000e-01	  -5.0000000000000000e-01	  -5.4782537002460607e-02	
   0.0000000000000000e+00	   2.0000000000000000e+00	  -5.0000000000000000e-01	  -5.0000000000000000e-01	  -4.0873800406642014e-02	
   2.0000000000000000e+00	   0.0000000000000000e+00	  -5.0000000000000000e-01	  -5.0000000000000000e-01	  -4.0873800406642014e-02	
  -1.0000000000000000e+00	   2.0000000000000000e+00	  -5.0000000000000000e-01	  -5.0000000000000000e-01	  -3.4211134632990525e-02	
   2.0000000000000000e+00	  -1.0000000000000000e+00	  -5.0000000000000000e-01	  -5.0000000000000000e-01	  -3.4211134632990525e-02	
  -2.0000000000000000e+00	  -2.0000000000000000e+00	   5.0000000000000000e-01	   5.0000000000000000e-01	  -3.3333333333333215e-02	
   2.0000000000000000e+00	   2.0000000000000000e+00	   5.0000000000000000e-01	   5.0000000000000000e-01	  -3.3333333333333215e-02	
  -2.0000000000000000e+00	   2.0000000000000000e+00	  -5.0000000000000000e-01	  -5.0000000000000000e-01	  -1.1464452322687002e-02	
   2.0000000000000000e+00	  -2.0000000000000000e+00	  -5.0000000000000000e-01	  -5.0000000000000000e-01	  -1.1464452322687002e-02	
  -2.0000000000000000e+00	  -1.0000000000000000e+00	   5.0000000000000000e-01	  -5.0000000000000000e-01	  -9.6411923528283427e-03	
  -2.0000000000000000e+00	   2.0000000000000000e+00	   5.0000000000000000e-01	  -5.0000000000000000e-01	  -9.6411923528283427e-03	
  -1.0000000000000000e+00	  -2.0000000000000000e+00	  -5.0000000000000000e-01	   5.0000000000000000e-01	  -9.6411923528283427e-03	
  -1.0000000000000000e+00	   2.0000000000000000e+00	  -5.0000000000000000e-01	   5.0000000000000000e-01	  -9.6411923528283427e-03	
   2.0000000000000000e+00	  -2.0000000000000000e+00	  -5.0000000000000000e-01	   5.0000000000000000e-01	  -9.6411923528283427e-03	
   2.0000000000000000e+00	  -1.0000000000000000e+00	   5.0000000000000000e-01	  -5.0000000000000000e-01	  -9.6411923528283427e-03	
   2.0000000000000000e+00	   2.0000000000000000e+00	   5.0000000000000000e-01	  -5.0000000000000000e-01	  -9.6411923528281207e-03	
   2.0000000000000000e+00	   2.0000000000000000e+00	  -5.0000000000000000e-01	   5.0000000000000000e-01	  -9.6411923528281207e-03	
  -2.0000000000000000e+00	  -2.0000000000000000e+00	   5.0000000000000000e-01	  -5.0000000000000000e-01	   3.5805101018508978e-03	
  -2.0000000000000000e+00	  -2.0000000000000000e+00	  -5.0000000000000000e-01	   5.0000000000000000e-01	   3.5805101018508978e-03	
  -2.0000000000000000e+00	   2.0000000000000000e+00	  -5.0000000000000000e-01	   5.0000000000000000e-01	   3.5805101018511198e-03	
   2.0000000000000000e+00	  -2.0000000000000000e+00	   5.0000000000000000e-01	  -5.0000000000000000e-01	   3.5805101018511198e-03	
  -2.0000000000000000e+00	   2.0000000000000000e+00	   5.0000000000000000e-01	   5.0000000000000000e-01	   1.4928749927333840e-02	
   2.0000000000000000e+00	  -2.0000000000000000e+00	   5.0000000000000000e-01	   5.0000000000000000e-01	   1.4928749927333840e-02	
  -2.0000000000000000e+00	  -2.0000000000000000e+00	  -5.0000000000000000e-01	  -5.0000000000000000e-01	   1.6666666666666829e-02	
  -2.0000000000000000e+00	   1.0000000000000000e+00	  -5.0000000000000000e-01	   5.0000000000000000e-01	   1.9948840617869390e-02	
  -1.0000000000000000e+00	  -2.0000000000000000e+00	   5.0000000000000000e-01	  -5.0000000000000000e-01	   1.9948840617869390e-02	
   1.0000000000000000e+00	  -2.0000000000000000e+00	   5.0000000000000000e-01	  -5.0000000000000000e-01	   1.9948840617869390e-02	
  -2.0000000000000000e+00	  -1.0000000000000000e+00	  -5.0000000000000000e-01	   5.0000000000000000e-01	   1.9948840617869612e-02	
  -1.0000000000000000e+00	   2.0000000000000000e+00	   5.0000000000000000e-01	   5.0000000000000000e-01	   2.1772100587728049e-02	
   1.0000000000000000e+00	  -2.0000000000000000e+00	   5.0000000000000000e-01	   5.0000000000000000e-01	   2.1772100587728049e-02	
  -2.0000000000000000e+00	   1.0000000000000000e+00	   5.0000000000000000e-01	   5.0000000000000000e-01	   2.1772100587728271e-02	
   2.0000000000000000e+00	  -1.0000000000000000e+00	   5.0000000000000000e-01	   5.0000000000000000e-01	   2.1772100587728271e-02	
  -2.0000000000000000e+00	   0.0000000000000000e+00	  -5.0000000000000000e-01	  -5.0000000000000000e-01	   2.2459992118023742e-02	
   0.0000000000000000e+00	  -2.0000000000000000e+00	  -5.0000000000000000e-01	  -5.0000000000000000e-01	   2.2459992118023742e-02	
  -2.0000000000000000e+00	  -1.0000000000000000e+00	  -5.0000000000000000e-01	  -5.0000000000000000e-01	   2.7272651082355992e-02	
  -1.0000000000000000e+00	  -2.0000000000000000e+00	  -5.0000000000000000e-01	  -5.0000000000000000e-01	   2.7272651082355992e-02	
  -1.0000000000000000e+00	  -1.0000000000000000e+00	   5.0000000000000000e-01	  -5.0000000000000000e-01	   3.5680837183546643e-02	
  -1.0000000000000000e+00	   2.0000000000000000e+00	   5.0000000000000000e-01	  -5.0000000000000000e-01	   3.5680837183546643e-02	
   1.0000000000000000e+00	  -1.0000000000000000e+00	   5.0000000000000000e-01	  -5.0000000000000000e-01	   3.5680837183546643e-02	
  -1.0000000000000000e+00	  -1.0000000000000000e+00	  -5.0000000000000000e-01	   5.0000000000000000e-01	   3.5680837183546865e-02	
  -1.0000000000000000e+00	   1.0000000000000000e+00	  -5.0000000000000000e-01	   5.0000000000000000e-01	   3.5680837183546865e-02	
   1.0000000000000000e+00	   2.0000000000000000e+00	   5.0000000000000000e-01	  -5.0000000000000000e-01	   3.5680837183546865e-02	
   2.0000000000000000e+00	  -1.0000000000000000e+00	  -5.0000000000000000e-01	   5.0000000000000000e-01	   3.5680837183546865e-02	
   2.0000000000000000e+00	   1.0000000000000000e+00	  -5.0000000000000000e-01	   5.0000000000000000e-01	   3.5680837183546865e-02	
  -1.0000000000000000e+00	  -1.0000000000000000e+00	  -5.0000000000000000e-01	  -5.0000000000000000e-01	   8.3333333333333481e-02	
   2.0000000000000000e+00	   2.0000000000000000e+00	  -5.0000000000000000e-01	  -5.0000000000000000e-01	   8.3333333333333481e-02	
  -1.0000000000000000e+00	   1.0000000000000000e+00	   5.0000000000000000e-01	   5.0000000000000000e-01	   1.0557280900008426e-01	
   1.0000000000000000e+00	  -1.0000000000000000e+00	   5.0000000000000000e-01	   5.0000000000000000e-01	   1.0557280900008426e-01	
   0.0000000000000000e+00	  -1.0000000000000000e+00	  -5.0000000000000000e-01	  -5.0000000000000000e-01	   1.2890735620346949e-01	
  -1.0000000000000000e+00	   0.0000000000000000e+00	  -5.0000000000000000e-01	  -5.0000000000000000e-01	   1.2890735620346971e-01	
