  -2   -2   -2   -2  -2.00000000
  -2   -1   -2   -1  -2.00000000
  -2   -2 5.000000e-01 -5.000000e-01   0.50000000
5.000000e-01 -5.000000e-01 5.000000e-01 -5.000000e-01  -0.50000000
5.000000e-01 -5.000000e-01 5.000000e-01 5.000000e-01  -0.10729491
-9.428090e-02 -8.102551e-02 -7.113969e-02 -7.113969e-02  -0.04714045
 -2.00000000  -2.00000000  -2.00000000  -2.00000000  -2.00000000
 -2.00000000  -1.00000000  -2.00000000  -1.00000000  -2.00000000
 -2.00000000  -2.00000000   0.50000000  -0.50000000   0.50000000
  0.50000000  -0.50000000   0.50000000  -0.50000000  -0.50000000
  0.50000000  -0.50000000   0.50000000   0.50000000  -0.10729491
 -0.09428090  -0.08102551  -0.07113969  -0.07113969  -0.04714045
